10040:
2417853
1207062
2487973
2412:
616699
116950
719802
234308
938261
1706523
148188
851984
249975
994937
1477725
1770493
712110
2022703
611360
1833667
1704689
2483028
15818
1338162
532966
2068876
1912497
83086
1956275
2336198
92242
784678
2220975
2528498
2601556
642713
2215024
2440:
1013030
1871652
2483979
1500387
2243519
853989
2230786
2276839
445898
794988
748875
438846
824827
1214316
204640
815679
1249636
1486652
1671798
2131477
1583321
2336219
1223113
1386855
1092490
22210
2393768
364269
2506:
1339286
2582856
1713941
258833
1150694
23386
867868
88337
2009773
1724656
1276738
590627
1711454
1564140
2645:
454582
2645619
2053428
946250
969696
2513888
1982:
1243691
2457161
791791
1926991
423881
962807
1601354
1622082
1291516
2048517
39205
2629080
1225683
2106341
2413174
2584339
226785
4740:
1078610
578711
2097037
2232689
139501
604504
300576
1965178
2188622
889197
2251389
388371
890727
1003366
4732:
2046292
540003
1468366
2084709
2266626
1573544
1823170
2626843
2197333
1437886
1245195
373581
978569
2450580
255463
260090
594444
2535922
2231643
1649610
1663386
1340133
1094621
1385963
709815
1882931
4798:
1171162
197296
1328364
1607723
2253972
2582203
1196286
2040290
1367872
2122880
1221443
1704475
205827
4847:
457212
1862052
2544909
1348778
889727
1353849
1452845
801119
966088
1110195
1920118
2303503
1431295
1203984
828733
201953
1124911
2483936
2060455
193195
4878:
1733157
2153481
723719
1719114
312974
1749232
2267917
850826
1318171
772179
1155398
2348894
1119475
1910869
1966124
86498
1692661
2574301
2081229
762060
235992
1296548
4925:
2590606
1679940
244080
2283795
6660
378326
1484753
4931:
360924
489588
824884
1872859
2307375
296885
1464018
430274
388849
1926629
2445027
2341065
2376149
973744
208699
1445831
2032910
2086819
1914005
2533001
2632393
615358
189875
1159006
1643531
1972999
1810248
1373400
113788
1095681
174423
2398997
263767
320834
2195743
399274
348231
700051
2267126
563799
981996
869793
1122856
449694
2348831
363916
2337337
2262175
1232774
2524704
397850
511304
1972441
1969301
2514368
2228611
367053
2486575
1894647
1744023
718768
2152798
47334
578675
135479
521899
419219
150336
1429026
268371
4999:
2003027
1132373
579563
2094293
632542
67070
1344017
75826
2325617
585242
2140127
777378
614900
305494
2079231
2468742
2638193
854536
955601
8159
1223710
2097034
13743
2557440
406519
1555431
1657059
346593
1729540
2114200
1036976
689680
2522493
1479926
1831187
287246
868545
1445375
11432
2253971
2048244
1687230
421046
115750
1840850
2067961
875988
2102526
2408308
2157418
274181
1624447
860541
1024831
1736318
1826380
1804964
2367938
1861619
879394
1808449
2283384
2516905
1872662
2230981
1626896
1788254
999282
734629
1978296
2536888
817437
2546726
411315
402150
2097435
2618477
850496
329889
2634858
2250130
44599
427151
296812
2327025
189791
2488275
188239
946516
949581
2204246
1460654
824425
1620879
397237
373225
902265
993758
1609442
1574112
5054:
1870438
1665121
1080224
425296
903185
1469586
37295
275821
2065065
2556375
1707688
873047
2534223
2214423
1068639
477574
317025
5088:
480405
931084
700833
341603
1917906
526480
1970074
982605
2490323
889362
1575041
2009108
1369293
370542
744570
2640875
388043
609228
505317
2372418
636271
72613
1569930
2456098
2322088
1487246
55135
1877153
200630
814223
2353976
323020
574631
2189410
696369
2341468
1801538
1889767
2576483
2536405
2627971
1228047
464506
705393
1562127
489013
1368922
1805498
6307
82813
1279270
434755
1486097
1756281
1793656
1203779
1595174
1508103
1228837
1543851
633611
2163157
668480
1832865
1227209
2608412
932791
2209293
2336156
685621
1149519
1229736
1086062
10141:
2181051
1443531
1560657
148835
2292918
626767
1269705
1108994
931749
1146921
836887
1186279
737547
1789966
1318121
2630798
1375390
150774
1059546
802903
2013858
1170641
1687834
1735895
786271
846791
1535078
2296804
879939
2511287
1312865
1118372
2055734
2122066
1515762
313570
2395403
268413
2166
1566717
1341176
661407
2537711
1849127
305188
817251
2613993
1082415
1614455
576813
141283
1492101
1222740
185101
1597921
90259
1927067
1994610
1852876
1566746
2097097
1371401
2377490
1452514
1027488
64602
720342
1677816
872604
479726
892591
2373140
423741
1529379
1110545
2261709
722598
401448
810621
1856214
922279
2238130
1301412
891005
383231
1175505
403300
299592
1828357
2273654
2118682
267721
236636
1771116
2286523
2407457
552422
1632796
283045
808362
1829282
1462657
841511
2310547
26106
573650
1132087
147300
2426561
566613
2403501
1768760
2284728
1384780
1956821
80311
275674
852394
1793381
27693
1224752
970594
800835
1568374
1570162
159784
2267787
885075
1991507
2556965
293996
968906
824922
150995
71745
1812386
2151599
271041
288366
258848
103880
1763806
2440051
1322426
1570355
1461673
243614
2637012
2602447
514110
828547
2579854
2166724
181682
2260232
2301923
1077272
1998659
2114623
1304959
1977188
2627240
2472186
1056581
1931277
1582310
582336
435201
2289708
2051115
2459372
2616849
486599
1357537
1412686
386492
1115058
69342
2616960
2076446
1225193
8880
883311
2305148
1597675
1515455
1065876
2370700
1373330
2009062
951151
889076
1685074
616582
508534
1640588
802669
2350478
2538844
1148789
11583:
977086
1161569
1978514
1195654
455928
1594222
2382341
515732
968479
2040121
12498:
994643
1517730
390733
458618
545140
1776404
443013
447122
931262
2034403
514779
931879
10225:
1565664
1992123
1532477
1090897
281654
638551
2121299
2036104
690996
1195075
1316810
1482731
2433488
294900
522576
1069915
2059118
158736
1008134
11524:
113872
901367
492080
1740395
1058520
1222909
190138
878933
765913
367987
199201
1113012
12825
1598819
12532:
1540804
22501
1565625
525287
1918961
787453
2344473
1168287
2435523
1907927
1637257
2602493
2076540
2452027
1763221
1428636
49743
2275052
1299259
149739
829755
379034
1385210
744866
1857595
491067
779516
503158
926039
1520749
1065588
2302289
1219555
1166404
1615967
1583395
220045
986155
359419
960452
2225173
673789
14910:
325074
1869825
2203890
2191138
1613328
453628
1355700
1256539
1183381
1826691
692681
14996:
1842390
872026
915012
1910140
2648581
1804185
2268666
2016934
2048968
1918162
493444
2302387
2333659
125321
15005:
1600276
1035868
1315876
1774826
134894
1951147
1166038
620638
386827
445830
981849
15004:
992396
1703457
1042821
1479376
1225561
669211
895846
2576126
809942
1820059
998434
488490
741398
2054419
1373459
1461587
15072:
133053
615996
1099797
2264261
2551025
2236954
467125
879112
1570033
1474593
1829270
758864
2640214
208555
1326229
1322627
549063
1212031
537297
1533413
2225291
816345
2170770
1917277
1787166
1115521
27376
9999:
1479250
2625582
1605261
1833628
2457702
919111
194176
787522
2432861
1149161
1197397
1546833
1988612
851540
1157092
1921239
464500
379089
379677
622751
1507014
1243446
100:
1283074
1315513
1810951
2354303
1977063
1916416
2052884
2284027
2390698
2327699
1602325
2245306
2013315
2181862
351213
263449
2465450
590837
1530072
423943
2412503
1777579
2143448
2549155
2312063
101:
1283074
1315513
1810951
2354303
1977063
1916416
2052884
2284027
2390698
2327699
1602325
2245306
2013315
2181862
351213
263449
2465450
590837
1530072
423943
2412503
1777579
2143448
2549155
2312063
87:
322703
2394190
2233441
2536403
1029052
1317306
2240029
1360542
1004383
39289
1448754
2091122
1061498
2000334
1469978
1326641
1225694
2158762
2321620
710710
1317492
1153159
1119438
398106
956646
581627
2603294
689469
655940
214352
2028912
2247355
1367359
359500
435565
552338
2246386
1503570
1264120
2560455
2480279
2353241
2127128
1148838
700541
2362827
1572829
2314290
810250
588614
825996
834078
171289
1995:
599393
1633874
265652
2112290
843722
2430009
630919
1157261
1121640
152162
1841600
2191355
271443
1696760
345788
2281300
286576
1753979
2116565
790900
1851857
299804
1312114
1412741
1653474
1430180
1334124
2476029
887982
1631185
2077951
947593
595026
2624861
